
Classifier LogisticRegression
Training accuracy: 0.9171; Test accuracy: 0.9455 
Complete classification on test: 
12 
12 
12 
12 
12 
2 
12 
19 
12 
12 
12 
12 
12 
12 
12 
12 
12 
12 
12 
12 
12 
12 
12 
12 
12 
12 
9 
12 
12 
12 
12 
12 
12 
12 
12 
12 
12 
12 
12 
12 
12 
12 
12 
12 
12 
12 
12 
16 
12 
12 
12 
12 
12 
12 
12 
12 
12 
12 
12 
12 
12 
12 
12 
12 
12 
12 
12 
12 
12 
12 
12 
12 
12 
12 
12 
12 
12 
12 
12 
12 
12 
12 
12 
12 
12 
12 
12 
12 
12 
16 
12 
12 
12 
12 
12 
12 
12 
12 
12 
12 
12 
12 
9 
12 
12 
12 
12 
12 
12 
12 

Classifier PassiveAggressiveClassifier
Training accuracy: 0.8629; Test accuracy: 0.9455 
Complete classification on test: 
12 
12 
12 
12 
12 
2 
12 
19 
12 
12 
12 
12 
12 
12 
12 
12 
12 
12 
12 
12 
12 
12 
12 
12 
12 
12 
9 
12 
12 
12 
12 
12 
12 
12 
12 
12 
12 
12 
12 
12 
12 
12 
12 
12 
12 
12 
12 
16 
12 
12 
12 
12 
12 
12 
12 
12 
12 
12 
12 
12 
12 
12 
12 
12 
12 
12 
12 
12 
12 
12 
12 
12 
12 
12 
12 
12 
12 
12 
12 
12 
12 
12 
12 
12 
12 
12 
12 
12 
12 
16 
12 
12 
12 
12 
12 
12 
12 
12 
12 
12 
12 
12 
9 
12 
12 
12 
12 
12 
12 
12 

Classifier SGDClassifier
Training accuracy: 0.8706; Test accuracy: 0.9364 
Complete classification on test: 
12 
12 
12 
12 
12 
13 
12 
19 
12 
12 
12 
12 
12 
12 
12 
12 
12 
12 
12 
12 
12 
12 
12 
12 
12 
12 
10 
12 
12 
12 
12 
12 
12 
12 
12 
12 
12 
12 
12 
12 
12 
12 
12 
12 
12 
12 
12 
16 
12 
12 
12 
12 
12 
12 
12 
12 
12 
12 
12 
12 
12 
12 
12 
12 
12 
12 
12 
12 
12 
12 
12 
12 
12 
12 
12 
12 
12 
12 
12 
12 
12 
12 
12 
12 
12 
12 
12 
12 
12 
13 
16 
12 
12 
12 
12 
12 
12 
12 
12 
12 
12 
12 
16 
12 
12 
12 
12 
12 
12 
12 

Classifier SVC(linear)
Training accuracy: 0.9594; Test accuracy: 0.7727 
Complete classification on test: 
12 
12 
4 
12 
12 
2 
12 
19 
12 
12 
12 
12 
12 
12 
12 
12 
9 
4 
12 
12 
12 
12 
4 
12 
12 
12 
9 
12 
12 
12 
12 
12 
12 
4 
12 
12 
12 
12 
12 
4 
12 
12 
12 
12 
4 
12 
12 
9 
12 
12 
12 
12 
12 
12 
12 
4 
12 
12 
25 
12 
12 
12 
12 
12 
12 
12 
12 
4 
12 
12 
4 
12 
12 
12 
12 
12 
4 
9 
12 
12 
12 
12 
12 
12 
12 
12 
12 
12 
12 
16 
9 
12 
12 
12 
12 
12 
12 
12 
12 
12 
12 
4 
20 
12 
4 
4 
12 
4 
12 
4 

Classifier RidgeClassifier
Training accuracy: 0.7887; Test accuracy: 0.9455 
Complete classification on test: 
12 
12 
12 
12 
12 
2 
12 
12 
12 
12 
12 
12 
12 
12 
12 
12 
12 
12 
12 
12 
12 
12 
12 
12 
12 
12 
10 
12 
12 
12 
12 
12 
12 
12 
12 
12 
12 
12 
12 
12 
12 
12 
12 
12 
12 
12 
12 
13 
12 
12 
12 
12 
12 
12 
12 
12 
12 
12 
12 
12 
12 
12 
12 
12 
12 
12 
12 
12 
12 
12 
12 
12 
12 
12 
12 
12 
12 
12 
12 
12 
12 
12 
12 
12 
12 
12 
12 
12 
21 
2 
12 
12 
12 
12 
12 
12 
12 
12 
12 
12 
12 
12 
13 
12 
12 
12 
12 
12 
12 
12 

Classifier BaggingClassifier(n_estimators=300)
Training accuracy: 1.0000; Test accuracy: 0.9818 
Complete classification on test: 
12 
12 
12 
12 
12 
13 
12 
12 
12 
12 
12 
12 
12 
12 
12 
12 
12 
12 
12 
12 
12 
12 
12 
12 
12 
12 
9 
12 
12 
12 
12 
12 
12 
12 
12 
12 
12 
12 
12 
12 
12 
12 
12 
12 
12 
12 
12 
12 
12 
12 
12 
12 
12 
12 
12 
12 
12 
12 
12 
12 
12 
12 
12 
12 
12 
12 
12 
12 
12 
12 
12 
12 
12 
12 
12 
12 
12 
12 
12 
12 
12 
12 
12 
12 
12 
12 
12 
12 
12 
12 
12 
12 
12 
12 
12 
12 
12 
12 
12 
12 
12 
12 
12 
12 
12 
12 
12 
12 
12 
12 

Classifier GradientBoostingClassifier(n_estimators=300)
Training accuracy: 1.0000; Test accuracy: 0.9273 
Complete classification on test: 
12 
12 
12 
12 
12 
24 
12 
19 
12 
12 
12 
12 
12 
12 
24 
12 
12 
12 
12 
12 
12 
12 
12 
12 
12 
12 
12 
12 
12 
12 
12 
12 
12 
12 
12 
12 
12 
12 
12 
12 
12 
12 
12 
12 
12 
24 
12 
12 
12 
12 
12 
12 
24 
12 
12 
12 
12 
12 
12 
12 
12 
12 
12 
12 
12 
12 
12 
12 
24 
12 
12 
24 
12 
12 
12 
12 
12 
12 
12 
12 
12 
12 
12 
12 
12 
12 
12 
12 
12 
12 
12 
12 
12 
12 
12 
12 
12 
12 
12 
12 
12 
12 
24 
12 
12 
12 
12 
12 
12 
12 

Classifier RandomForestClassifier(n_estimators=300)
Training accuracy: 1.0000; Test accuracy: 0.9818 
Complete classification on test: 
12 
12 
12 
12 
12 
9 
12 
12 
12 
12 
12 
12 
12 
12 
12 
12 
12 
12 
12 
12 
12 
12 
12 
12 
12 
12 
10 
12 
12 
12 
12 
12 
12 
12 
12 
12 
12 
12 
12 
12 
12 
12 
12 
12 
12 
12 
12 
12 
12 
12 
12 
12 
12 
12 
12 
12 
12 
12 
12 
12 
12 
12 
12 
12 
12 
12 
12 
12 
12 
12 
12 
12 
12 
12 
12 
12 
12 
12 
12 
12 
12 
12 
12 
12 
12 
12 
12 
12 
12 
12 
12 
12 
12 
12 
12 
12 
12 
12 
12 
12 
12 
12 
12 
12 
12 
12 
12 
12 
12 
12 
